1  14.148000  0.612084
2  16.578000  0.566344
3  17.949000  0.627432
4  19.859000  0.767981
5  22.655000  0.684981
6  22.754000  0.798445
7  27.335000  0.675163
8  27.442000  0.724887
9  28.774000  0.673955
10  28.939000  0.873705
11  29.339000  0.812144
12  29.784000  0.773534
13  29.844000  0.753323
14  32.274000  0.689695
15  34.309000  0.910867
16  34.676000  0.636403
17  36.328000  0.743060
18  36.475000  0.838387
19  36.873000  1.023556
20  37.776000  0.986318
21  37.920000  0.837434
22  38.217000  0.712026
23  38.686000  0.815034
24  39.702000  0.762293
25  40.165000  0.816991
26  40.663000  0.955235
27  40.956000  1.044927
28  41.027000  0.821366
29  42.448000  0.661302
30  42.912000  0.855337
31  43.869000  1.011171
32  43.880000  1.164349
33  43.970000  0.993344
34  44.604000  0.875331
35  45.081000  1.099454
36  46.200000  1.070573
37  46.647000  0.875824
38  48.131000  1.070886
39  48.371000  0.981068
40  49.462000  0.978610
41  49.826000  0.959122
42  50.306000  0.983944
43  50.599000  1.000265
44  50.823000  0.975748
45  51.362000  1.072627
46  51.632000  0.655217
47  52.608000  1.137328
48  53.103000  1.107635
49  53.873000  1.072033
50  55.024000  0.955818
51  55.581000  0.833143
52  55.665000  1.094197
53  57.421000  1.003840
54  57.464000  1.255760
55  58.241000  0.865337
56  58.297000  0.768315
57  58.349000  1.004600
58  58.920000  0.880286
59  58.952000  1.011287
60  59.042000  0.886661
61  59.561000  0.869777
62  59.593000  0.946066
63  61.068000  0.884876
64  61.262000  0.980004
65  61.756000  0.947080
66  62.228000  1.053568
67  62.301000  0.827583
68  62.490000  0.790972
69  62.889000  0.710352
70  62.949000  1.058481
71  63.087000  0.806708
72  64.965000  0.933416
73  65.150000  1.238879
74  65.226000  0.771168
75  66.293000  1.022440
76  66.574000  0.986143
77  66.611000  0.953555
78  67.951000  0.970635
79  68.458000  0.843849
80  69.181000  1.195415
81  70.186000  0.778214
82  70.943000  1.180894
83  71.817000  0.803743
84  73.767000  1.051500
85  75.836000  0.869093
86  76.131000  0.894579
87  76.799000  0.717312
88  77.208000  0.823622
89  77.216000  0.791776
90  77.667000  1.243141
91  78.491000  1.024721
92  81.545000  1.013439
93  82.453000  1.042672
94  82.489000  0.997931
95  82.540000  0.886624
96  82.770000  0.826881
97  84.364000  0.748641
98  84.501000  0.793517
99  84.591000  0.819371
100  84.642000  0.842404
101  85.420000  1.088486
102  85.422000  1.041163
103  85.477000  0.931543
104  85.876000  0.513170
105  86.496000  0.447371
106  86.765000  1.047680
107  89.541000  0.909950
108  90.198000  0.622845
109  90.509000  0.692337
110  93.348000  0.737447
111  93.552000  0.764847
112  94.853000  0.913633
113  95.026000  0.711753
114  96.364000  0.738608
115  97.030000  0.760533
116  97.974000  0.602274
117  97.985000  0.392491
118  99.409000  0.621995
119  100.977000  0.793504
120  102.450000  0.633862
121  102.884000  0.559084
122  103.647000  0.606245
123  106.716000  0.753923
124  108.879000  0.328365
125  113.131000  0.525209
126  116.427000  0.248041
127  120.845000  0.217978
128  121.140000  0.157345
